3.500000	0.000000
3.497726	0.034978
3.490909	0.069827
3.479571	0.104418
3.463746	0.138624
3.443480	0.172318
3.418836	0.205377
3.389885	0.237680
3.356716	0.269112
3.319428	0.299558
3.278130	0.328910
3.232945	0.357065
3.184008	0.383926
3.131462	0.409399
3.075463	0.433400
3.016173	0.455850
2.953766	0.476677
2.888423	0.495818
2.820332	0.513214
2.749689	0.528820
2.676695	0.542593
2.601556	0.554502
2.524485	0.564524
2.445697	0.572644
2.365409	0.578855
2.283842	0.583161
2.201218	0.585571
2.117760	0.586107
2.033688	0.584796
1.949225	0.581674
1.864591	0.576785
1.780001	0.570183
1.695669	0.561927
1.611805	0.552083
1.528613	0.540727
1.446293	0.527938
1.365037	0.513804
1.285032	0.498417
1.206458	0.481874
1.129484	0.464280
1.054274	0.445740
0.980980	0.426365
0.909749	0.406269
0.840713	0.385569
0.773997	0.364383
0.709716	0.342832
0.647971	0.321037
0.588856	0.299119
0.532450	0.277199
0.478825	0.255400
0.428037	0.233838
0.380135	0.212632
0.335153	0.191896
0.293117	0.171742
0.254038	0.152278
0.217918	0.133607
0.184750	0.115829
0.154514	0.099038
0.127179	0.083324
0.102706	0.068767
0.081045	0.055446
0.062138	0.043429
0.045917	0.032780
0.032306	0.023554
0.021221	0.015800
0.012571	0.009556
0.006258	0.004857
0.002177	0.001725
0.000219	0.000177
0.000269	0.000222
0.002207	0.001859
0.005909	0.005079
0.011249	0.009866
0.018098	0.016196
0.026324	0.024036
0.035794	0.033346
0.046376	0.044078
0.057935	0.056178
0.070339	0.069584
0.083456	0.084228
0.097155	0.100035
0.111308	0.116924
0.125790	0.134811
0.140479	0.153605
0.155256	0.173209
0.170007	0.193525
0.184623	0.214450
0.198999	0.235878
0.213035	0.257701
0.226639	0.279808
0.239722	0.302088
0.252205	0.324429
0.264012	0.346717
0.275075	0.368841
0.285334	0.390690
0.294735	0.412152
0.303230	0.433121
0.310780	0.453490
0.317352	0.473158
0.322920	0.492026
0.327467	0.509999
0.330979	0.526987
0.333453	0.542905
0.334889	0.557672
0.335297	0.571217
0.334689	0.583469
0.333087	0.594369
0.330516	0.603862
0.327007	0.611901
0.322595	0.618445
0.317322	0.623462
0.311233	0.626928
0.304375	0.628825
0.296801	0.629144
0.288566	0.627885
0.279729	0.625053
0.270347	0.620663
0.260484	0.614737
0.250202	0.607307
0.239565	0.598408
0.228636	0.588087
0.217481	0.576394
0.206162	0.563390
0.194743	0.549139
0.183285	0.533713
0.171848	0.517189
0.160491	0.499651
0.149268	0.481187
0.138234	0.461888
0.127438	0.441853
0.116926	0.421181
0.106743	0.399975
0.096928	0.378344
0.087516	0.356393
0.078540	0.334235
0.070025	0.311978
0.061996	0.289736
0.054471	0.267619
0.047463	0.245738
0.040983	0.224203
0.035034	0.203121
0.029617	0.182597
0.024728	0.162735
0.020358	0.143634
0.016495	0.125388
0.013121	0.108091
0.010216	0.091827
0.007755	0.076679
0.005711	0.062722
0.004051	0.050025
0.002741	0.038653
0.001745	0.028662
0.001022	0.020102
0.000531	0.013016
0.000229	0.007439
0.000071	0.003400
0.000010	0.000917
0.000000	0.000005
-0.000006	0.000667
-0.000056	0.002900
-0.000195	0.006692
-0.000472	0.012026
-0.000929	0.018874
-0.001612	0.027202
-0.002562	0.036968
-0.003820	0.048124
-0.005421	0.060613
-0.007403	0.074374
-0.009795	0.089338
-0.012627	0.105429
-0.015925	0.122568
-0.019709	0.140668
-0.023997	0.159639
-0.028803	0.179387
-0.034135	0.199812
-0.039999	0.220812
-0.046396	0.242282
-0.053320	0.264116
-0.060764	0.286202
-0.068714	0.308432
-0.077152	0.330694
-0.086057	0.352875
-0.095401	0.374866
-0.105154	0.396556
-0.115281	0.417836
-0.125743	0.438600
-0.136497	0.458744
-0.147497	0.478166
-0.158693	0.496770
-0.170033	0.514462
-0.181461	0.531153
-0.192919	0.546759
-0.204348	0.561202
-0.215687	0.574409
-0.226873	0.586315
-0.237842	0.596858
-0.248530	0.605987
-0.258873	0.613654
-0.268807	0.619821
-0.278269	0.624457
-0.287198	0.627539
-0.295532	0.629049
-0.303215	0.628982
-0.310191	0.627335
-0.316406	0.624119
-0.321812	0.619347
-0.326364	0.613044
-0.330019	0.605241
-0.332742	0.595977
-0.334500	0.585297
-0.335268	0.573256
-0.335023	0.559913
-0.333751	0.545336
-0.331443	0.529596
-0.328095	0.512773
-0.323713	0.494951
-0.318306	0.476219
-0.311893	0.456672
-0.304497	0.436408
-0.296150	0.415528
-0.286890	0.394137
-0.276765	0.372342
-0.265825	0.350255
-0.254133	0.327985
-0.241753	0.305645
-0.228760	0.283348
-0.215233	0.261206
-0.201259	0.239330
-0.186931	0.217832
-0.172347	0.196820
-0.157610	0.176399
-0.142830	0.156675
-0.128119	0.137746
-0.113596	0.119709
-0.099382	0.102654
-0.085602	0.086669
-0.072384	0.071835
-0.059858	0.058227
-0.048155	0.045915
-0.037409	0.034961
-0.027752	0.025422
-0.019319	0.017345
-0.012242	0.010772
-0.006653	0.005737
-0.002682	0.002266
-0.000455	0.000376
-0.000096	0.000078
-0.001726	0.001372
-0.005461	0.004252
-0.011411	0.008704
-0.019682	0.014703
-0.030373	0.022220
-0.043576	0.031214
-0.059376	0.041640
-0.077851	0.053443
-0.099069	0.066561
-0.123091	0.080926
-0.149967	0.096461
-0.179739	0.113086
-0.212439	0.130713
-0.248087	0.149248
-0.286694	0.168593
-0.328261	0.188644
-0.372775	0.209295
-0.420214	0.230434
-0.470545	0.251946
-0.523722	0.273716
-0.579689	0.295625
-0.638378	0.317551
-0.699710	0.339374
-0.763594	0.360972
-0.829929	0.382224
-0.898603	0.403009
-0.969494	0.423209
-1.042468	0.442707
-1.117383	0.461388
-1.194087	0.479140
-1.272418	0.495857
-1.352206	0.511435
-1.433275	0.525775
-1.515439	0.538784
-1.598505	0.550374
-1.682275	0.560463
-1.766547	0.568977
-1.851110	0.575847
-1.935752	0.581012
-2.020257	0.584419
-2.104405	0.586021
-2.187976	0.585782
-2.270748	0.583671
-2.352498	0.579668
-2.433004	0.573761
-2.512046	0.565945
-2.589405	0.556225
-2.664866	0.544615
-2.738215	0.531137
-2.809247	0.515821
-2.877757	0.498706
-2.943551	0.479840
-3.006438	0.459277
-3.066236	0.437081
-3.122771	0.413322
-3.175877	0.388078
-3.225399	0.361432
-3.271190	0.333477
-3.313116	0.304308
-3.351051	0.274029
-3.384883	0.242748
-3.414511	0.210575
-3.439847	0.177628
-3.460814	0.144027
-3.477350	0.109895
-3.489405	0.075357
-3.496944	0.040541
-3.499942	0.005574
-3.498392	-0.029413
-3.492298	-0.064291
-3.481678	-0.098932
-3.466565	-0.133207
-3.447003	-0.166991
-3.423051	-0.200159
-3.394781	-0.232591
-3.362278	-0.264169
-3.325638	-0.294779
-3.284970	-0.324313
-3.240396	-0.352665
-3.192047	-0.379738
-3.140066	-0.405438
-3.084606	-0.429679
-3.025829	-0.452381
-2.963907	-0.473472
-2.899019	-0.492884
-2.831353	-0.510563
-2.761102	-0.526456
-2.688469	-0.540523
-2.613658	-0.552731
-2.536881	-0.563055
-2.458351	-0.571478
-2.378287	-0.577994
-2.296909	-0.582602
-2.214439	-0.585314
-2.131098	-0.586146
-2.047110	-0.585127
-1.962695	-0.582291
-1.878073	-0.577680
-1.793461	-0.571347
-1.709074	-0.563350
-1.625121	-0.553754
-1.541809	-0.542633
-1.459337	-0.530067
-1.377899	-0.516141
-1.297683	-0.500947
-1.218869	-0.484582
-1.141629	-0.467148
-1.066127	-0.448751
-0.992519	-0.429502
-0.920950	-0.409513
-0.851556	-0.388901
-0.784463	-0.367785
-0.719786	-0.346284
-0.657631	-0.324519
-0.598091	-0.302613
-0.541249	-0.280686
-0.487177	-0.258859
-0.435934	-0.237251
-0.387570	-0.215981
-0.342121	-0.195162
-0.299614	-0.174908
-0.260063	-0.155327
-0.223473	-0.136523
-0.189836	-0.118597
-0.159134	-0.101643
-0.131340	-0.085751
-0.106414	-0.071005
-0.084309	-0.057482
-0.064967	-0.045253
-0.048323	-0.034382
-0.034302	-0.024926
-0.022821	-0.016934
-0.013789	-0.010448
-0.007111	-0.005501
-0.002682	-0.002118
-0.000394	-0.000317
-0.000132	-0.000108
-0.001777	-0.001492
-0.005207	-0.004461
-0.010294	-0.009000
-0.016912	-0.015086
-0.024927	-0.022688
-0.034208	-0.031767
-0.044622	-0.042276
-0.056034	-0.054162
-0.068313	-0.067364
-0.081325	-0.081816
-0.094940	-0.097442
-0.109029	-0.114165
-0.123467	-0.131899
-0.138131	-0.150555
-0.152902	-0.170036
-0.167664	-0.190246
-0.182309	-0.211081
-0.196729	-0.232436
-0.210826	-0.254203
-0.224505	-0.276273
-0.237677	-0.298533
-0.250260	-0.320871
-0.262180	-0.343176
-0.273366	-0.365333
-0.283757	-0.387233
-0.293297	-0.408764
-0.301939	-0.429819
-0.309642	-0.450290
-0.316372	-0.470077
-0.322101	-0.489079
-0.326811	-0.507200
-0.330489	-0.524351
-0.333128	-0.540444
-0.334730	-0.555401
-0.335300	-0.569144
-0.334853	-0.581607
-0.333408	-0.592726
-0.330989	-0.602446
-0.327627	-0.610719
-0.323357	-0.617504
-0.318218	-0.622766
-0.312255	-0.626481
-0.305516	-0.628628
-0.298053	-0.629199
-0.289920	-0.628191
-0.281174	-0.625608
-0.271875	-0.621465
-0.262085	-0.615783
-0.251865	-0.608590
-0.241280	-0.599922
-0.230393	-0.589824
-0.219270	-0.578346
-0.207973	-0.565546
-0.196566	-0.551489
-0.185110	-0.536245
-0.173666	-0.519891
-0.162292	-0.502509
-0.151045	-0.484186
-0.139977	-0.465014
-0.129139	-0.445089
-0.118580	-0.424511
-0.108341	-0.403384
-0.098465	-0.381813
-0.088987	-0.359906
-0.079939	-0.337773
-0.071349	-0.315525
-0.063242	-0.293273
-0.055635	-0.271129
-0.048544	-0.249203
-0.041979	-0.227605
-0.035945	-0.206443
-0.030444	-0.185824
-0.025471	-0.165850
-0.021019	-0.146621
-0.017077	-0.128233
-0.013626	-0.110779
-0.010648	-0.094345
-0.008119	-0.079014
-0.006010	-0.064862
-0.004291	-0.051960
-0.002928	-0.040373
-0.001884	-0.030159
-0.001120	-0.021368
-0.000596	-0.014044
-0.000266	-0.008225
-0.000088	-0.003939
-0.000015	-0.001208
-0.000000	-0.000045
0.000003	-0.000456
0.000043	-0.002439
0.000165	-0.005985
0.000417	-0.011074
0.000843	-0.017683
0.001487	-0.025778
0.002392	-0.035318
0.003597	-0.046256
0.005142	-0.058537
0.007060	-0.072100
0.009385	-0.086877
0.012146	-0.102794
0.015368	-0.119772
0.019073	-0.137725
0.023280	-0.156563
0.028002	-0.176194
0.033250	-0.196518
0.039030	-0.217433
0.045341	-0.238836
0.052182	-0.260619
0.059544	-0.282672
0.067414	-0.304887
0.075776	-0.327151
0.084608	-0.349352
0.093885	-0.371381
0.103575	-0.393126
0.113645	-0.414479
0.124056	-0.435332
0.134767	-0.455582
0.145731	-0.475125
0.156899	-0.493866
0.168219	-0.511709
0.179637	-0.528565
0.191094	-0.544349
0.202533	-0.558983
0.213890	-0.572391
0.225104	-0.584508
0.236112	-0.595273
0.246849	-0.604630
0.257251	-0.612532
0.267255	-0.618941
0.276796	-0.623822
0.285814	-0.627153
0.294247	-0.628914
0.302038	-0.629098
0.309129	-0.627703
0.315469	-0.624736
0.321007	-0.620210
0.325698	-0.614149
0.329498	-0.606583
0.332372	-0.597548
0.334286	-0.587091
0.335213	-0.575263
0.335130	-0.562123
0.334023	-0.547737
0.331880	-0.532177
0.328698	-0.515521
0.324480	-0.497853
0.319235	-0.479260
0.312981	-0.459836
0.305739	-0.439679
0.297541	-0.418890
0.288424	-0.397573
0.278433	-0.375836
0.267620	-0.353788
0.256043	-0.331540
0.243767	-0.309203
0.230867	-0.286892
0.217419	-0.264717
0.203511	-0.242792
0.189233	-0.221226
0.174683	-0.200129
0.159963	-0.179608
0.145182	-0.159766
0.130453	-0.140704
0.115892	-0.122518
0.101620	-0.105301
0.087763	-0.089140
0.074446	-0.074118
0.061801	-0.060310
0.049958	-0.047787
0.039051	-0.036613
0.029212	-0.026844
0.020575	-0.018531
0.013273	-0.011717
0.007439	-0.006435
0.003201	-0.002713
0.000687	-0.000571
0.000023	-0.000019
0.001329	-0.001060
0.004721	-0.003688
0.010311	-0.007890
0.018206	-0.013645
0.028505	-0.020923
0.041302	-0.029685
0.056683	-0.039886
0.074727	-0.051473
0.095503	-0.064386
0.119075	-0.078557
0.145493	-0.093912
0.174802	-0.110369
0.207034	-0.127843
0.242211	-0.146239
0.280347	-0.165462
0.321443	-0.185408
0.365489	-0.205970
0.412464	-0.227039
0.462337	-0.248500
0.515064	-0.270237
0.570591	-0.292131
0.628852	-0.314062
0.689768	-0.335910
0.753252	-0.357552
0.819205	-0.378867
0.887514	-0.399735
0.958061	-0.420036
1.030712	-0.439653
1.105328	-0.458472
1.181757	-0.476379
1.259840	-0.493268
1.339409	-0.509034
1.420286	-0.523578
1.502287	-0.536805
1.585223	-0.548626
1.668895	-0.558960
1.753100	-0.567730
1.837631	-0.574866
1.922275	-0.580306
2.006816	-0.583996
2.091036	-0.585888
2.174714	-0.585944
2.257628	-0.584133
2.339556	-0.580433
2.420275	-0.574829
2.499565	-0.567317
2.577206	-0.557900
2.652983	-0.546590
2.726683	-0.533407
2.798098	-0.518382
2.867023	-0.501551
2.933262	-0.482960
2.996624	-0.462663
3.056926	-0.440723
3.113992	-0.417208
3.167655	-0.392194
3.217758	-0.365766
3.264153	-0.338013
3.306702	-0.309031
3.345281	-0.278922
3.379774	-0.247792
3.410078	-0.215754
3.436102	-0.182923
3.457770	-0.149418
3.475015	-0.115362
3.487787	-0.080880
3.496047	-0.046099
3.499769	-0.011148
